704948171641143898041133139448050245729052808447918842942348
499039178676463182136418524008070756549957124473504874251728
195716983215507049145143780762604081868091897379177122102990
632483889485464917242411594164357471969053982265641250164684
7954775629728845613471224925747780094978471219178819948667
559626245496273321401634477756202316251976296087123948478060
140590373998974915072346161993680464441983065996905327843784
144866642810510793901930247853975075530700876783262521533550
629647916956476290297498559624613396758785857476619477494951
273526306513324208115375471533828888465085011294540441700501
536486877072116643106910435596815240342895111828381849346739
433606534338502373626817204101842665775173259479737269432044
494204077582537034195116703245945227446986904485983313210564
33784138153653733077502771259054083220197317383882274596413
550846706276396551205126763802407845100680466497602974475791
540904735329690666287395531470186043924516073018956128915951
269900472899157681516814997360537741137131714710491634683820
258379280493645736462086327129298179324563515344598499151400
206277307649646051637176679551137345979601707151523025632947
786444927626656623029583428333924596518135161685976696719025
5503564881160532939045211895303548187454380923152335248680
278157678299373603537471876768886643849884584588073410408027
69403666196034773743581817059122889472640387507223431270628
305799090146116018576340840156341658898214197417259561918232
303303299548330560244951577714232622656862983592891160440097
55199042748633022865425628351021187340659833486345563120701
644039627616372308546880002770378081561805840153250163066278
336862323340282886730594539889661867352280809346090089274089
194011677933637031648061558232300698669949971610865393245609
364742275159011884521441825038821838809661158544666391559691
30130037222479959399463811248101686873702379334171249875880
309833973022210652672544729327809870599174807087618151097221
600478244565432226857102839900271676446252890334155123511034
218618147463114907466051487329245822075990472151999120137260
121274238691318513540650790143056471291545637774705018877087
459955080839240533539707372821706702833369358380830444483012
84626524590423139707207601889150834843750275777292053220587
273975559769313827700644775883619867021346204319498870051447
99887019044687327209100691456519724789826322992253193701236
202603201795240680794198426545997376473438457158004162651960
464817287215518538292657534913138723682136563817736820672785
850106367542695620513331058927368548623995705326978406118
428828975027782137863506649268910374285415888145202990991561
80820724795929667206255391919747827435864202198942101707891
452559263880013942879984695572933063628455734012716420268627
330367960307750309966572464296903050532253821148944236847694
169741321223864700900909416594444959224319136490306756147077
362526203460045612699480388555052605635829562465486992071728
718963543613730652103318277297869984373969405633123628768386
690908199889235906116549641118832822189678907401351575602924
433574914876576422082471517266423549829308830619900254206904
754487463458423191879428821627402944938088076244302419918445
160927050090852700913611782424469258560689970020962503145669
591134843982363556245946714553324243487523159279519478340589
479192433234360971479285711787225793816772660461901339966629
132989737782007610054307794963382841887940184611009404419652
200853465190200238786937404558967335802487598887106920690056
323509261086953557901677042472877405804337903687805099586453
251416167512573644665970058862943886326214569673271389073025
444269556517842231708843907219613545896384441521144249968764
467533338594449217438626804644509549719951450485253471126268
662056955023667518655959510944647549616158821933071717601137
105662392114126462353459877016786305806288411681355044044978
768592637516224022115249881296347090298864730629978617166889
737389590969810370469516699261636766625193579971642653144656
778919905814145806435348827855635389884155770366752086890007
238593000997929383298516412256463540638878141507482095462196
484899715172918490797517722850932460584793246502881380110563
775485467222562823144724984162294537417709675864260503474689
728772835402850173577595391890919251132559463671272485497321
399551981521533151469756893496684246911225951590857631756844
56313165620464275579574398420038571500389851996891024100216
539554144818911504880792382852366489042038082984036826405710
120351034252097590706826637505727351397196451003076662578798
180314453588350674204106129282648130191945042731551496474710
413855685489892366391003111500224479981907704679162079203768
526377897345746630796701043416643084332515730623410423025394
117816841000973825557382165664298277605749802082356028456177
90630453530109632439081484562621711296687331032889315822866
54228691587516186638139592302356070546312096424481854959628
341339592799625431530491310515777325896075557853797677127644
769536601096062646519230121523066602481602602930516278113501
357282195966852817800049810928829645243541687123625774565635
786445804490615240582668509517608576050462962227902703652010
184932276824923541827117089702810594402558868552897327380065
285684556441364004189291286656815818570024295428607903720074
797544608793991755866756770693259430647235405564537471711747
568516052557163825746329777523490777508407539906530653938188
492322487216852399053999025919560653946374905984249762248527
386921716022164858126189665490340735064558498550248392089564
658961263679652643695370618692370466558993537439717137616672
280684784297106426603596472456831017776386062816026530078749
426091006308830122655719617147574462455760917350196559496323
219252710507820051495315140090862592596655001267524469361622
608742437111948116066912194843813480611174079519430843492162
139931674168424416041165192916124097016181285998227797933576
11967240055558006378481306550932383732126620683801552865013
531281537477755764345679855557054770554702285724704635860411
36335561759210977564454452231121156343441780613863553492478
278931094531037741933157341530444387673440971271637242820865
188799222550927284225946560007958849927280027031784927394521
237461654924794835922817377112101702052463304056977622472644
273721470380189626285145927212440396605112940446592791595396
377823785454306027492728168093438812635058106709218398836584
384064928306138726317874687747082313798441567915802297090925
789660597478642447653636717978763231667800132238890171055012
273083174246191591869530487942756161656854278041470506549452
178050776878120216425157569175356534804155593154208450189949
300507461641002987661711498795997714337971443875758760102131
776498594465249821877097732758847000993856602440076352886533
635134674222001105193521317909369689144979153285751022664590
494369903967966310012539145190712800212379179011135351307522
86136977104736129789390986389417991255990927613847092841574
655483085094007126885189802143675447836151837475402136521294
27921410346798183656564164394317775936451971857866728251152
384519872153069873875800043566579702931292077473240096954945
249197591918978737083232111798857391485376095418445029872583
431001742224114428606526996651946756396632721398864451444838
738445199388381447275352365892291737194363240350029193345836
759090993826234894346534009400509611600814719100669595760159
