037037037061061061061061061061061061061061061061061061061061
061061061061061061061061061061032066101103105110105110103032
111102032116104101032113117101115116105111110115032061061061
061061061061061061061061061061061061061061061061061061061061
061061061061061061061061061013010092117112108101118101108123
092076097114103101032092116101120116098102123081117101115116
105111110032097110115119101114105110103125125013010092098101
103105110123113117101115116105111110115125013010092113117101
115116105111110091049048093032084104101032069117099108105100
101097110032097108103111114105116104109032105115032098097115
101100032111110032116104101032102111108108111119105110103032
097115115101114116105111110046032071105118101110032116119111
032105110116101103101114115032036097036044032036098036044032
040036097062098036041044013010013010092098101103105110123101
113117097116105111110125092108097098101108123103099100125013
010032032092116101120116123103099100125040097044032098041032
061032092116101120116123103099100125040098044032097032092044
092044032092116101120116123109111100125032092044092044032098
041046013010092101110100123101113117097116105111110125013010
080114111118101032116104101032097115115101114116105111110032
040092114101102123103099100125041032092116101120116098102123
109097116104101109097116105099097108108121125046032040078111
116101032116104097116032112114111111102032098121032101120097
109112108101032105115032078079084032097112112114111112114105
097116101032104101114101041013010013010092113117101115116105
111110091050048093032065115115117109105110103032116104097116
032065108105099101032115105103110101100032097032100111099117
109101110116032036109036032117115105110103032116104101032082
083065032115105103110097116117114101032115099104101109101046
032040089111117032115104111117108100032100101115099114105098
101032116104101032082083065032115105103110097116117114101032
115116114117099116117114101032102105114115116032119105116104
032097032100105097103114097109032097110100032101120112108097
105110032116104101032097117116104101110116105099097116105111
110032112114105110099105112108101041046032084104101032115105
103110097116117114101032105115032115101110116032116111032066
111098046032065099099105100101110116097108108121032066111098
032102111117110100032111110101032109101115115097103101032036
109039036032040036109092110101113032109039036041032115117099
104032116104097116032036072040109041061072040109039041036044
032119104101114101032036072040041036032105115032116104101032
104097115104032102117110099116105111110032117115101100032105
110032116104101032115105103110097116117114101032115099104101
109101046032068101115099114105098101032099108101097114108121
032104111119032066111098032099097110032102111114103101032097
032115105103110097116117114101032111102032065108105099101032
119105116104032115117099104032036109039036046032013010013010
092118115112097099101123048046053105110125013010092102117108
108119105100116104123092076097114103101032092116101120116098
102123080114111103114097109109105110103125125013010092113117
101115116105111110091053048093032073109112108101109101110116
032116104101032082083065032097108103111114105116104109032040
067047067043043044032074097118097044032080121116104111110041
046032084104101032114101113117105114101109101110116115032097
114101032097115032102111108108111119115058013010092098101103
105110123105116101109105122101125013010032032092105116101109
032073109112108101109101110116032101097099104032099111109112
111110101110116032097115032097032115101112097114097116101032
102117110099116105111110044032115117099104032097115032107101
121032115099104101100117108101044032112114105109101032116101
115116044032116104101032101120116101110100101100032069117099
108105100101097110032097108103111114105116104109044032098105
110097114121032109111100117108097114032101120112111110101110
116105097116105111110044032097110100032115111032111110046013
010032032092105116101109032073109112108101109101110116032098
111116104032101110099114121112116105111110032097110100032100
101099114121112116105111110032111102032082083065046032069110
099114121112116105111110032116097107101115032097032116120116
032102105108101032097115032105110112117116032097110100032111
117116112117116032097110111116104101114032116120116032102105
108101032099111110116097105110105110103032099105112104101114
116101120116032040117115101032104101120097100101099105109097
108032102111114032101097115121032114101097100097098105108105
116121041046032068101099114121112116105111110032115104111117
108100032114101099111118101114032116104101032112108097105110
116101120116046013010032032092105116101109032089111117114032
099111100101032115104111117108100032101110099114121112116032
097110100032100101099114121112116032115116097110100097114100
032107101121098111097114100032099104097114097099116101114115
044032105110099108117100105110103032108101116116101114115044
032110117109098101114115044032097110100032115121109098111108
115046013010032032092105116101109032084104101032112114105109
101032110117109098101114115032036112036032097110100032036113
036032115104111117108100032098101032108097114103101114032116
104097110032036050094123054052125036046032040121111117032097
114101032097108108111119101100032116111032117115101032108105
098114097114105101115032116111032104097110100108101032108097
114103101032110117109098101114115044032115117099104032097115
032066105103073110116101103101114032105110032074097118097041
013010032032092105116101109032084104101032115116114097116101
103121032111102032115111117114099101032099111100105110103032
040099111110118101114116105110103032099104097114097099116101
114115032116111032105110116101103101114115032105110032082083
065041032105115032117112032116111032121111117046032089111117
032099097110032101110099114121112116032111110101032111114032
109111114101032099104097114097099116101114115032097116032097
032116105109101044032098117116032109097107101032115117114101
032116104101032099111110115116114097105110116032036109060110
036032105115032115097116105115102105101100046013010032032092
105116101109032085115101032116104101032112114111118105100101
100032102105108101032092116101120116123082083065045116101115
116046116120116125032116111032116101115116032121111117114032
099111100101046013010092101110100123105116101109105122101125
013010065102116101114032105109112108101109101110116105110103
032121111117114032099111100101044032112108101097115101032092
116101120116098102123097110115119101114032116104101032102111
108108111119105110103032113117101115116105111110115125032105
110032121111117114032114101112111114116058013010092098101103
105110123112097114116115125013010032032092112097114116091049
048093032087104097116032097114101032116104101032108101115115
111110115032121111117032108101097114110101100044032097110100
032100105102102105099117108116105101115032121111117032109101
116044032105110032116104101032112114111099101115115032111102
032105109112108101109101110116105110103032082083065063013010
032032092112097114116091049048093032068101115099114105098101
032119104097116032121111117032104097118101032100111110101032
102111114032115111117114099101032099111100105110103032097110
100032100101099111100105110103046013010092101110100123112097
114116115125013010092101110100123113117101115116105111110115
125
